{
  "advancedEditorSelectedIdentifier" : "ShaderGraphEditorPluginID",
  "openSceneRelativePaths" : [
    "Immersive.usda"
  ],
  "recentIdentifiers" : {
    "AF09ED6F-1707-48FD-8720-65B998362C09" : [

    ]
  },
  "sceneCameraHistory" : {
    "AF09ED6F-1707-48FD-8720-65B998362C09" : [
      {
        "date" : 743449497.199421,
        "title" : "Untitled",
        "transform" : [
          -0.30034718,
          -2.245644e-07,
          -0.9538299,
          0,
          -0.6761133,
          0.7053688,
          0.21289818,
          0,
          0.6728017,
          0.7088406,
          -0.21185574,
          0,
          1.9565905,
          1.3026586,
          -0.6841501,
          1
        ]
      },
      {
        "date" : 743449495.514256,
        "title" : "Untitled",
        "transform" : [
          -0.30034718,
          -2.245644e-07,
          -0.9538299,
          0,
          -0.6761133,
          0.7053688,
          0.21289818,
          0,
          0.6728016,
          0.70884055,
          -0.21185571,
          0,
          1.7989547,
          1.1365789,
          -0.63451284,
          1
        ]
      },
      {
        "date" : 743445650.000333,
        "title" : "Untitled",
        "transform" : [
          -0.36677638,
          -2.1992936e-07,
          -0.9303091,
          0,
          -0.6901559,
          0.6705586,
          0.27209538,
          0,
          0.6238267,
          0.7418567,
          -0.24594526,
          0,
          1.6970452,
          1.2267116,
          -0.7388323,
          1
        ]
      },
      {
        "date" : 743445635.835906,
        "title" : "Untitled",
        "transform" : [
          -0.392946,
          -2.415399e-07,
          -0.9195615,
          0,
          -0.6775717,
          0.67606485,
          0.28953904,
          0,
          0.6216831,
          0.73684216,
          -0.2656572,
          0,
          1.0855639,
          0.78196156,
          -0.5093876,
          1
        ]
      },
      {
        "date" : 743445576.354388,
        "title" : "Untitled",
        "transform" : [
          -0.48596212,
          -2.395339e-07,
          -0.87398,
          0,
          -0.56089497,
          0.7668963,
          0.31187624,
          0,
          0.6702518,
          0.6417711,
          -0.37268272,
          0,
          1.1076587,
          0.617968,
          -0.6637743,
          1
        ]
      },
      {
        "date" : 743444484.940188,
        "title" : "Untitled",
        "transform" : [
          -0.7830175,
          -2.4674938e-07,
          -0.62199974,
          0,
          -0.42037454,
          0.7370452,
          0.52919716,
          0,
          0.45844176,
          0.6758435,
          -0.5771194,
          0,
          1.2745374,
          1.1456946,
          -1.718534,
          1
        ]
      },
      {
        "date" : 743444328.867092,
        "title" : "Untitled",
        "transform" : [
          -0.7830175,
          -2.252324e-07,
          -0.6219997,
          0,
          -0.42037445,
          0.7370451,
          0.5291972,
          0,
          0.4584418,
          0.67584366,
          -0.5771191,
          0,
          1.160296,
          1.7760057,
          -1.1034439,
          1
        ]
      },
      {
        "date" : 743444216.781989,
        "title" : "Untitled",
        "transform" : [
          -0.76026016,
          -2.2520796e-07,
          -0.6496186,
          0,
          -0.29235822,
          0.8930055,
          0.34215185,
          0,
          0.5801132,
          0.45004594,
          -0.6789164,
          0,
          1.4738626,
          1.2780889,
          -1.3828553,
          1
        ]
      },
      {
        "date" : 743441632.580276,
        "title" : "Untitled",
        "transform" : [
          -0.5130864,
          -2.1608403e-07,
          -0.8583369,
          0,
          -0.6266195,
          0.68340546,
          0.3745731,
          0,
          0.58659214,
          0.7300392,
          -0.3506459,
          0,
          1.0549824,
          1.4728544,
          -0.42908505,
          1
        ]
      },
      {
        "date" : 743401170.161768,
        "title" : "Untitled",
        "transform" : [
          -0.51308644,
          -2.1608406e-07,
          -0.85833704,
          0,
          -0.6266195,
          0.68340546,
          0.3745731,
          0,
          0.58659214,
          0.7300392,
          -0.3506459,
          0,
          1.0387927,
          1.8636781,
          -0.48001266,
          1
        ]
      }
    ]
  },
  "selectedSceneRelativePath" : "Immersive.usda"
}